%YAML:1.0
---
ArmTipToMarkerTagTransform: !!opencv-matrix
   rows: 4
   cols: 4
   dt: d
   data: [ -9.8070575963593676e-01, 1.8408167030996339e-01,
       6.5803887976281006e-02, 7.8462443767491532e-03,
       4.9926199057024584e-02, -8.9600998791480979e-02,
       9.9472560822735823e-01, 8.3531588488990449e-02,
       1.8900684554962383e-01, 9.7881847125576005e-01,
       7.8681717469292867e-02, -8.7184693632851099e-03, 0., 0., 0., 1. ]
